-5.00 18.8969
-4.90 15.9999
-4.80 19.4325
-4.70 18.2591
-4.60 17.2228
-4.50 17.2515
-4.40 16.1119
-4.30 16.9473
-4.20 13.3418
-4.10 14.1854
-4.00 18.2815
-3.90 12.7420
-3.80 16.8294
-3.70 13.3505
-3.60 14.5549
-3.50 16.7005
-3.40 17.3818
-3.30 12.2230
-3.20 14.5221
-3.10 12.4385
-3.00 13.1821
-2.90 14.4777
-2.80 15.4857
-2.70 12.5157
-2.60 12.0473
-2.50 14.1618
-2.40 11.4110
-2.30 11.8510
-2.20 12.8586
-2.10 11.8764
-2.00 11.9158
-1.90 13.7135
-1.80 13.9541
-1.70 12.8435
-1.60 8.4961
-1.50 9.2512
-1.40 10.3654
-1.30 10.2596
-1.20 11.5012
-1.10 10.5550
-1.00 9.3969
-0.90 6.4317
-0.80 10.1075
-0.70 8.9394
-0.60 7.5866
-0.50 9.4205
-0.40 9.3923
-0.30 8.9137
-0.20 7.1018
-0.10 10.7758
-0.00 8.6115
0.10 5.7044
0.20 7.0296
0.30 6.3223
0.40 8.6442
0.50 6.3958
0.60 5.3125
0.70 7.6241
0.80 4.3910
0.90 6.0086
1.00 6.6509
1.10 7.5074
1.20 3.0554
1.30 8.1289
1.40 4.5692
1.50 5.4955
1.60 3.5949
1.70 3.1211
1.80 4.2886
1.90 7.6905
2.00 1.4595
2.10 3.1225
2.20 6.0982
2.30 5.7902
2.40 2.9987
2.50 3.1351
2.60 4.1193
2.70 1.8976
2.80 3.0008
2.90 0.2665
3.00 1.0380
3.10 0.2566
3.20 0.5769
3.30 1.2160
3.40 1.8102
3.50 3.6663
3.60 1.0134
3.70 2.9528
3.80 0.2053
3.90 -4.4604
4.00 -0.0863
4.10 -3.6813
4.20 0.4943
4.30 -3.7847
4.40 -2.5059
4.50 -0.1190
4.60 3.3993
4.70 -0.9181
4.80 -3.2054
4.90 -5.2885
5.00 -4.0552
