-5.00 265.1000
-4.90 255.3900
-4.80 245.8600
-4.70 236.5100
-4.60 227.3400
-4.50 218.3500
-4.40 209.5400
-4.30 200.9100
-4.20 192.4600
-4.10 184.1900
-4.00 176.1000
-3.90 168.1900
-3.80 160.4600
-3.70 152.9100
-3.60 145.5400
-3.50 138.3500
-3.40 131.3400
-3.30 124.5100
-3.20 117.8600
-3.10 111.3900
-3.00 105.1000
-2.90 98.9900
-2.80 93.0600
-2.70 87.3100
-2.60 81.7400
-2.50 76.3500
-2.40 71.1400
-2.30 66.1100
-2.20 61.2600
-2.10 56.5900
-2.00 52.1000
-1.90 47.7900
-1.80 43.6600
-1.70 39.7100
-1.60 35.9400
-1.50 32.3500
-1.40 28.9400
-1.30 25.7100
-1.20 22.6600
-1.10 19.7900
-1.00 17.1000
-0.90 14.5900
-0.80 12.2600
-0.70 10.1100
-0.60 8.1400
-0.50 6.3500
-0.40 4.7400
-0.30 3.3100
-0.20 2.0600
-0.10 0.9900
-0.00 0.1000
0.10 -0.6100
0.20 -1.1400
0.30 -1.4900
0.40 -1.6600
0.50 -1.6500
0.60 -1.4600
0.70 -1.0900
0.80 -0.5400
0.90 0.1900
1.00 1.1000
1.10 2.1900
1.20 3.4600
1.30 4.9100
1.40 6.5400
1.50 8.3500
1.60 10.3400
1.70 12.5100
1.80 14.8600
1.90 17.3900
2.00 20.1000
2.10 22.9900
2.20 26.0600
2.30 29.3100
2.40 32.7400
2.50 36.3500
2.60 40.1400
2.70 44.1100
2.80 48.2600
2.90 52.5900
3.00 57.1000
3.10 61.7900
3.20 66.6600
3.30 71.7100
3.40 76.9400
3.50 82.3500
3.60 87.9400
3.70 93.7100
3.80 99.6600
3.90 105.7900
4.00 112.1000
4.10 118.5900
4.20 125.2600
4.30 132.1100
4.40 139.1400
4.50 146.3500
4.60 153.7400
4.70 161.3100
4.80 169.0600
4.90 176.9900
5.00 185.1000
