-5.00 218.6107
-4.90 276.3460
-4.80 259.7792
-4.70 253.4076
-4.60 76.3958
-4.50 134.4779
-4.40 68.0256
-4.30 227.9603
-4.20 173.0388
-4.10 29.4688
-4.00 188.9199
-3.90 234.7306
-3.80 4.0242
-3.70 309.5757
-3.60 146.4591
-3.50 199.7206
-3.40 103.1063
-3.30 30.7317
-3.20 234.9586
-3.10 132.3679
-3.00 119.2305
-2.90 204.0882
-2.80 -2.2658
-2.70 144.3834
-2.60 300.9128
-2.50 173.5341
-2.40 -23.0438
-2.30 38.0373
-2.20 293.7664
-2.10 171.9163
-2.00 218.5951
-1.90 74.6680
-1.80 -113.8817
-1.70 48.7203
-1.60 -21.2031
-1.50 141.3582
-1.40 145.8866
-1.30 18.8369
-1.20 11.2439
-1.10 -37.6700
-1.00 60.6788
-0.90 108.0273
-0.80 -17.3385
-0.70 144.7022
-0.60 -47.9814
-0.50 -18.9766
-0.40 62.5446
-0.30 117.1731
-0.20 55.7554
-0.10 74.8299
-0.00 25.8255
0.10 27.3970
0.20 142.3320
0.30 -87.2992
0.40 -20.6338
0.50 -26.1628
0.60 17.5189
0.70 -31.1130
0.80 -94.2538
0.90 157.1820
1.00 150.7888
1.10 9.9848
1.20 19.5488
1.30 -59.7500
1.40 -44.9460
1.50 25.7495
1.60 13.9775
1.70 -9.2014
1.80 69.8207
1.90 11.5034
2.00 236.8766
2.10 -217.5356
2.20 37.6873
2.30 21.9989
2.40 122.5547
2.50 42.1306
2.60 184.2180
2.70 144.9003
2.80 113.0968
2.90 105.3176
3.00 60.7980
3.10 194.9283
3.20 66.7615
3.30 105.7537
3.40 83.1992
3.50 129.6630
3.60 381.1201
3.70 136.9591
3.80 -48.3504
3.90 123.8794
4.00 -23.3081
4.10 18.7226
4.20 195.4245
4.30 137.2661
4.40 293.2129
4.50 221.7174
4.60 101.1725
4.70 157.7419
4.80 222.9456
4.90 202.3667
5.00 184.3075
