-5.00 262.4452
-4.90 252.9470
-4.80 243.6251
-4.70 234.4797
-4.60 225.5106
-4.50 216.7180
-4.40 208.1019
-4.30 199.6621
-4.20 191.3988
-4.10 183.3119
-4.00 175.4014
-3.90 167.6673
-3.80 160.1097
-3.70 152.7285
-3.60 145.5237
-3.50 138.4953
-3.40 131.6434
-3.30 124.9678
-3.20 118.4687
-3.10 112.1461
-3.00 105.9998
-2.90 100.0299
-2.80 94.2365
-2.70 88.6195
-2.60 83.1790
-2.50 77.9148
-2.40 72.8271
-2.30 67.9158
-2.20 63.1809
-2.10 58.6224
-2.00 54.2404
-1.90 50.0348
-1.80 46.0056
-1.70 42.1528
-1.60 38.4764
-1.50 34.9765
-1.40 31.6530
-1.30 28.5059
-1.20 25.5352
-1.10 22.7410
-1.00 20.1232
-0.90 17.6818
-0.80 15.4168
-0.70 13.3282
-0.60 11.4161
-0.50 9.6804
-0.40 8.1211
-0.30 6.7382
-0.20 5.5318
-0.10 4.5018
-0.00 3.6482
0.10 2.9710
0.20 2.4702
0.30 2.1459
0.40 1.9980
0.50 2.0265
0.60 2.2314
0.70 2.6128
0.80 3.1706
0.90 3.9048
1.00 4.8154
1.10 5.9024
1.20 7.1659
1.30 8.6058
1.40 10.2221
1.50 12.0148
1.60 13.9840
1.70 16.1295
1.80 18.4515
1.90 20.9500
2.00 23.6248
2.10 26.4761
2.20 29.5037
2.30 32.7079
2.40 36.0884
2.50 39.6453
2.60 43.3787
2.70 47.2885
2.80 51.3747
2.90 55.6374
3.00 60.0764
3.10 64.6919
3.20 69.4838
3.30 74.4521
3.40 79.5969
3.50 84.9181
3.60 90.4157
3.70 96.0897
3.80 101.9401
3.90 107.9670
4.00 114.1703
4.10 120.5500
4.20 127.1061
4.30 133.8386
4.40 140.7476
4.50 147.8330
4.60 155.0948
4.70 162.5330
4.80 170.1477
4.90 177.9388
5.00 185.9063
