-5.00 17.9373
-4.90 17.7346
-4.80 17.5319
-4.70 17.3292
-4.60 17.1265
-4.50 16.9238
-4.40 16.7211
-4.30 16.5184
-4.20 16.3157
-4.10 16.1130
-4.00 15.9103
-3.90 15.7075
-3.80 15.5048
-3.70 15.3021
-3.60 15.0994
-3.50 14.8967
-3.40 14.6940
-3.30 14.4913
-3.20 14.2886
-3.10 14.0859
-3.00 13.8832
-2.90 13.6805
-2.80 13.4778
-2.70 13.2751
-2.60 13.0724
-2.50 12.8697
-2.40 12.6670
-2.30 12.4643
-2.20 12.2616
-2.10 12.0589
-2.00 11.8562
-1.90 11.6535
-1.80 11.4508
-1.70 11.2481
-1.60 11.0454
-1.50 10.8427
-1.40 10.6400
-1.30 10.4373
-1.20 10.2346
-1.10 10.0319
-1.00 9.8292
-0.90 9.6265
-0.80 9.4238
-0.70 9.2211
-0.60 9.0184
-0.50 8.8157
-0.40 8.6130
-0.30 8.4103
-0.20 8.2076
-0.10 8.0049
-0.00 7.8022
0.10 7.5995
0.20 7.3968
0.30 7.1941
0.40 6.9914
0.50 6.7887
0.60 6.5860
0.70 6.3833
0.80 6.1806
0.90 5.9779
1.00 5.7752
1.10 5.5725
1.20 5.3698
1.30 5.1671
1.40 4.9644
1.50 4.7617
1.60 4.5590
1.70 4.3563
1.80 4.1536
1.90 3.9509
2.00 3.7482
2.10 3.5455
2.20 3.3428
2.30 3.1401
2.40 2.9374
2.50 2.7347
2.60 2.5320
2.70 2.3293
2.80 2.1265
2.90 1.9238
3.00 1.7211
3.10 1.5184
3.20 1.3157
3.30 1.1130
3.40 0.9103
3.50 0.7076
3.60 0.5049
3.70 0.3022
3.80 0.0995
3.90 -0.1032
4.00 -0.3059
4.10 -0.5086
4.20 -0.7113
4.30 -0.9140
4.40 -1.1167
4.50 -1.3194
4.60 -1.5221
4.70 -1.7248
4.80 -1.9275
4.90 -2.1302
5.00 -2.3329
