-5.00 17.3727
-4.90 17.1456
-4.80 16.9186
-4.70 16.6916
-4.60 16.4646
-4.50 16.2376
-4.40 16.0106
-4.30 15.7836
-4.20 15.5565
-4.10 15.3295
-4.00 15.1025
-3.90 14.8755
-3.80 14.6485
-3.70 14.4215
-3.60 14.1944
-3.50 13.9674
-3.40 13.7404
-3.30 13.5134
-3.20 13.2864
-3.10 13.0594
-3.00 12.8323
-2.90 12.6053
-2.80 12.3783
-2.70 12.1513
-2.60 11.9243
-2.50 11.6973
-2.40 11.4702
-2.30 11.2432
-2.20 11.0162
-2.10 10.7892
-2.00 10.5622
-1.90 10.3352
-1.80 10.1081
-1.70 9.8811
-1.60 9.6541
-1.50 9.4271
-1.40 9.2001
-1.30 8.9731
-1.20 8.7461
-1.10 8.5190
-1.00 8.2920
-0.90 8.0650
-0.80 7.8380
-0.70 7.6110
-0.60 7.3840
-0.50 7.1569
-0.40 6.9299
-0.30 6.7029
-0.20 6.4759
-0.10 6.2489
-0.00 6.0219
0.10 5.7948
0.20 5.5678
0.30 5.3408
0.40 5.1138
0.50 4.8868
0.60 4.6598
0.70 4.4327
0.80 4.2057
0.90 3.9787
1.00 3.7517
1.10 3.5247
1.20 3.2977
1.30 3.0707
1.40 2.8436
1.50 2.6166
1.60 2.3896
1.70 2.1626
1.80 1.9356
1.90 1.7086
2.00 1.4815
2.10 1.2545
2.20 1.0275
2.30 0.8005
2.40 0.5735
2.50 0.3465
2.60 0.1194
2.70 -0.1076
2.80 -0.3346
2.90 -0.5616
3.00 -0.7886
3.10 -1.0156
3.20 -1.2427
3.30 -1.4697
3.40 -1.6967
3.50 -1.9237
3.60 -2.1507
3.70 -2.3777
3.80 -2.6048
3.90 -2.8318
4.00 -3.0588
4.10 -3.2858
4.20 -3.5128
4.30 -3.7398
4.40 -3.9668
4.50 -4.1939
4.60 -4.4209
4.70 -4.6479
4.80 -4.8749
4.90 -5.1019
5.00 -5.3289
