0.00 0.3994
0.10 0.3109
0.20 0.3077
0.30 0.2781
0.40 0.2340
0.50 0.2108
0.60 0.1645
0.70 0.1796
0.80 0.1435
0.90 0.1411
1.00 0.1302
1.10 0.1125
1.20 0.1066
1.30 0.0980
1.40 0.1159
1.50 0.1046
1.60 0.0727
1.70 0.0467
1.80 -0.0077
1.90 -0.0355
2.00 -0.0345
2.10 -0.0339
2.20 -0.0366
2.30 -0.0551
2.40 -0.0743
2.50 -0.1050
2.60 -0.1122
2.70 -0.1476
2.80 -0.1509
2.90 -0.1864
3.00 -0.1793
3.10 -0.1955
3.20 -0.2022
3.30 -0.2382
3.40 -0.2687
3.50 -0.2757
3.60 -0.3014
3.70 -0.3032
3.80 -0.3233
3.90 -0.3077
4.00 -0.2987
4.10 -0.3255
4.20 -0.2925
4.30 -0.3222
4.40 -0.3398
4.50 -0.3440
4.60 -0.3241
4.70 -0.3082
4.80 -0.2547
4.90 -0.2169
5.00 -0.1707
5.10 -0.1216
5.20 -0.1159
5.30 -0.1205
5.40 -0.0808
5.50 -0.0272
5.60 0.0225
5.70 0.0458
5.80 0.1014
5.90 0.1373
6.00 0.1932
6.10 0.2485
6.20 0.3064
6.30 0.3253
6.40 0.3599
6.50 0.3986
6.60 0.4186
6.70 0.4361
6.80 0.4457
6.90 0.4530
7.00 0.4574
7.10 0.4332
7.20 0.4755
7.30 0.4734
7.40 0.4663
7.50 0.4050
7.60 0.3853
7.70 0.3715
7.80 0.3314
7.90 0.2961
8.00 0.2535
8.10 0.2362
8.20 0.1772
8.30 0.1108
8.40 0.0756
8.50 0.0028
8.60 -0.0332
8.70 -0.0672
8.80 -0.1434
8.90 -0.1866
9.00 -0.2316
9.10 -0.3264
9.20 -0.3500
9.30 -0.4064
9.40 -0.4491
9.50 -0.4671
9.60 -0.4920
9.70 -0.5327
9.80 -0.5715
9.90 -0.5903
10.00 -0.5893
10.10 -0.5735
10.20 -0.5566
10.30 -0.5364
10.40 -0.5326
10.50 -0.5295
10.60 -0.5316
10.70 -0.5053
10.80 -0.4608
10.90 -0.4316
11.00 -0.3933
11.10 -0.3641
11.20 -0.2941
11.30 -0.2647
11.40 -0.1937
11.50 -0.1373
11.60 -0.0517
11.70 0.0200
11.80 0.0500
11.90 0.1406
12.00 0.1918
12.10 0.2627
12.20 0.3393
12.30 0.3944
12.40 0.4586
12.50 0.4763
12.60 0.5093
12.70 0.5283
12.80 0.5656
12.90 0.5530
13.00 0.5895
13.10 0.6242
13.20 0.6138
13.30 0.6250
13.40 0.6504
13.50 0.6477
13.60 0.6040
13.70 0.5899
13.80 0.5341
13.90 0.4985
14.00 0.4365
14.10 0.3986
14.20 0.3695
14.30 0.3273
14.40 0.2747
14.50 0.2486
14.60 0.1874
14.70 0.1053
14.80 0.0278
14.90 -0.0491
15.00 -0.1124
15.10 -0.1800
15.20 -0.2375
15.30 -0.2658
15.40 -0.3401
15.50 -0.3979
15.60 -0.4885
15.70 -0.5507
15.80 -0.5982
15.90 -0.6080
16.00 -0.6228
16.10 -0.6388
16.20 -0.6643
16.30 -0.7099
16.40 -0.7016
16.50 -0.7004
16.60 -0.6462
16.70 -0.6786
16.80 -0.6438
16.90 -0.5944
17.00 -0.5920
17.10 -0.5496
17.20 -0.4908
17.30 -0.4629
17.40 -0.3967
17.50 -0.3194
17.60 -0.2662
17.70 -0.1879
17.80 -0.1155
17.90 -0.0612
18.00 -0.0288
18.10 0.0195
18.20 0.0842
18.30 0.2114
18.40 0.2833
18.50 0.3423
18.60 0.4297
18.70 0.4456
18.80 0.4722
18.90 0.5219
19.00 0.5581
19.10 0.5939
19.20 0.6603
19.30 0.6747
19.40 0.7339
19.50 0.7338
19.60 0.7324
19.70 0.7053
19.80 0.6807
19.90 0.6342
20.00 0.5819
20.10 0.5299
20.20 0.5195
20.30 0.4595
20.40 0.4097
20.50 0.3429
20.60 0.2840
20.70 0.2224
20.80 0.1699
20.90 0.0968
21.00 0.0210
21.10 -0.0476
21.20 -0.1352
21.30 -0.2475
21.40 -0.2868
21.50 -0.3406
21.60 -0.3937
21.70 -0.4378
21.80 -0.4346
21.90 -0.4674
22.00 -0.4737
22.10 -0.4838
22.20 -0.5017
22.30 -0.5404
22.40 -0.5678
22.50 -0.5811
22.60 -0.6006
22.70 -0.5793
22.80 -0.5667
22.90 -0.5179
23.00 -0.4833
23.10 -0.4812
23.20 -0.4309
23.30 -0.3972
23.40 -0.3524
23.50 -0.3325
23.60 -0.3208
23.70 -0.2728
23.80 -0.2311
23.90 -0.1750
24.00 -0.1311
24.10 -0.0381
24.20 0.0007
24.30 0.0038
24.40 0.0667
24.50 0.0722
24.60 0.1204
24.70 0.1643
24.80 0.2119
24.90 0.2989
25.00 0.3262
25.10 0.3747
25.20 0.3896
25.30 0.4184
25.40 0.4378
25.50 0.4943
25.60 0.4636
25.70 0.4802
25.80 0.4606
25.90 0.4386
26.00 0.4464
26.10 0.3990
26.20 0.4297
26.30 0.3739
26.40 0.3247
26.50 0.3468
26.60 0.2939
26.70 0.2699
26.80 0.2555
26.90 0.2642
27.00 0.2190
27.10 0.2004
27.20 0.1770
27.30 0.1422
27.40 0.0967
27.50 0.0878
27.60 0.0258
27.70 0.0135
27.80 -0.0388
27.90 -0.0890
28.00 -0.0731
28.10 -0.0918
28.20 -0.1265
28.30 -0.1429
28.40 -0.1694
28.50 -0.1674
28.60 -0.2013
28.70 -0.2193
28.80 -0.2211
28.90 -0.2148
29.00 -0.2069
29.10 -0.2314
29.20 -0.2397
29.30 -0.2123
29.40 -0.2185
29.50 -0.1775
29.60 -0.1819
29.70 -0.1881
29.80 -0.1625
29.90 -0.1277
30.00 -0.1160
30.10 -0.1025
30.20 -0.1138
30.30 -0.0901
30.40 -0.1117
30.50 -0.0888
30.60 -0.0865
30.70 -0.0619
30.80 -0.0807
30.90 -0.0680
31.00 -0.0714
31.10 -0.0807
31.20 -0.0768
31.30 -0.0921
31.40 -0.0636
31.50 -0.0499
31.60 -0.0833
31.70 -0.0768
31.80 -0.0770
31.90 -0.0627
32.00 -0.0416
32.10 -0.0366
32.20 -0.0099
32.30 -0.0447
32.40 -0.0395
32.50 -0.0186
32.60 -0.0162
32.70 -0.0100
32.80 -0.0287
32.90 -0.0447
33.00 -0.0483
33.10 -0.0421
33.20 -0.0463
33.30 0.0095
33.40 0.0151
33.50 0.0181
33.60 0.0011
33.70 0.0036
33.80 0.0142
33.90 0.0284
34.00 0.0390
34.10 0.1051
34.20 0.0931
34.30 0.1312
34.40 0.1180
34.50 0.1282
34.60 0.1581
34.70 0.1484
34.80 0.1233
34.90 0.1443
35.00 0.1840
35.10 0.1925
35.20 0.2063
35.30 0.2162
35.40 0.2287
35.50 0.2166
35.60 0.1972
35.70 0.1495
35.80 0.1315
35.90 0.1255
36.00 0.1296
36.10 0.1729
36.20 0.1421
36.30 0.1590
36.40 0.1547
36.50 0.1384
36.60 0.1292
36.70 0.0933
36.80 0.0705
36.90 0.0325
37.00 -0.0305
37.10 -0.1129
37.20 -0.1209
37.30 -0.1290
37.40 -0.2045
37.50 -0.2293
37.60 -0.2363
37.70 -0.2869
37.80 -0.3008
37.90 -0.3351
38.00 -0.3618
38.10 -0.3517
38.20 -0.3748
38.30 -0.3596
38.40 -0.3479
38.50 -0.3556
38.60 -0.3655
38.70 -0.3986
38.80 -0.3874
38.90 -0.3510
39.00 -0.3338
39.10 -0.3382
39.20 -0.3327
39.30 -0.2880
39.40 -0.2885
39.50 -0.2537
39.60 -0.1853
39.70 -0.1084
39.80 -0.0352
39.90 0.0380
