0.00 -0.0577
0.10 -0.0013
0.20 -0.0816
0.30 0.0723
0.40 0.1161
0.50 -0.0870
0.60 0.0352
0.70 0.3279
0.80 -0.0892
0.90 0.0971
1.00 0.0592
1.10 -0.0338
1.20 0.1006
1.30 0.1240
1.40 0.0454
1.50 0.0364
1.60 -0.0395
1.70 0.0342
1.80 0.0460
1.90 0.0261
2.00 -0.0658
2.10 -0.0987
2.20 -0.1963
2.30 -0.1882
2.40 -0.2139
2.50 -0.3491
2.60 -0.2237
2.70 -0.1725
2.80 -0.2533
2.90 -0.2202
3.00 -0.2417
3.10 -0.3993
3.20 -0.4197
3.30 -0.2653
3.40 -0.2691
3.50 -0.3186
3.60 -0.4636
3.70 0.0038
3.80 -0.3376
3.90 -0.1283
4.00 -0.2237
4.10 -0.2614
4.20 -0.2756
4.30 -0.2557
4.40 -0.1572
4.50 -0.0456
4.60 -0.2032
4.70 -0.0361
4.80 0.0689
4.90 0.2283
5.00 0.1671
5.10 0.2230
5.20 0.1226
5.30 0.3458
5.40 0.2786
5.50 0.4763
5.60 0.4412
5.70 0.3276
5.80 0.6020
5.90 0.5083
6.00 0.5757
6.10 0.5662
6.20 0.5222
6.30 0.4328
6.40 0.6688
6.50 0.3404
6.60 0.5536
6.70 0.5863
6.80 0.4893
6.90 0.4218
7.00 0.5466
7.10 0.4070
7.20 0.5020
7.30 0.2587
7.40 0.1689
7.50 0.2844
7.60 0.2196
7.70 0.2781
7.80 0.0668
7.90 0.0112
8.00 -0.1030
8.10 -0.1948
8.20 -0.2604
8.30 -0.0549
8.40 -0.5252
8.50 -0.4949
8.60 -0.5504
8.70 -0.6317
8.80 -0.6226
8.90 -0.6466
9.00 -0.7517
9.10 -0.6971
9.20 -0.7216
9.30 -0.7210
9.40 -0.6555
9.50 -0.9829
9.60 -0.7509
9.70 -0.6641
9.80 -0.5579
9.90 -0.6132
10.00 -0.5591
10.10 -0.6637
10.20 -0.4662
10.30 -0.4338
10.40 -0.4679
10.50 -0.4874
10.60 -0.3885
10.70 -0.3104
10.80 -0.2552
10.90 0.0539
11.00 0.0357
11.10 0.1321
11.20 0.1546
11.30 0.4619
11.40 0.1955
11.50 0.5342
11.60 0.4843
11.70 0.5875
11.80 0.6647
11.90 0.8121
12.00 0.8267
12.10 0.8897
12.20 0.7128
12.30 0.9379
12.40 1.0177
12.50 1.0044
12.60 0.8586
12.70 0.9372
12.80 0.8681
12.90 0.8926
13.00 0.8344
13.10 1.0622
13.20 0.8527
13.30 0.9049
13.40 0.6537
13.50 0.6386
13.60 0.4690
13.70 0.5268
13.80 0.3536
13.90 0.1979
14.00 0.2036
14.10 -0.1458
14.20 -0.0111
14.30 -0.0572
14.40 -0.2927
14.50 -0.4012
14.60 -0.4310
14.70 -0.6758
14.80 -0.5666
14.90 -0.6739
15.00 -0.8070
15.10 -0.8303
15.20 -1.0415
15.30 -0.8742
15.40 -0.8336
15.50 -1.0060
15.60 -0.7880
15.70 -1.0378
15.80 -1.0393
15.90 -1.1278
16.00 -0.7456
16.10 -0.9954
16.20 -0.8931
16.30 -0.7985
16.40 -0.4813
16.50 -0.7739
16.60 -0.6800
16.70 -0.5970
16.80 -0.4960
16.90 -0.4162
17.00 -0.3477
17.10 -0.0473
17.20 -0.1516
17.30 0.0368
17.40 0.1747
17.50 0.3291
17.60 0.2817
17.70 0.5378
17.80 0.5926
17.90 0.5996
18.00 0.4750
18.10 0.6980
18.20 0.9627
18.30 0.8947
18.40 0.8949
18.50 0.9472
18.60 1.0208
18.70 0.9468
18.80 1.0585
18.90 1.0788
19.00 0.9053
19.10 0.8476
19.20 0.8791
19.30 1.0232
19.40 0.8405
19.50 0.9306
19.60 0.6414
19.70 0.6276
19.80 0.6127
19.90 0.4450
20.00 0.4314
20.10 0.3149
20.20 0.3145
20.30 0.1454
20.40 0.0794
20.50 -0.1413
20.60 -0.0279
20.70 -0.2224
20.80 -0.3336
20.90 -0.4392
21.00 -0.5361
21.10 -0.5702
21.20 -0.6113
21.30 -0.6680
21.40 -0.6906
21.50 -0.7951
21.60 -0.6818
21.70 -0.9378
21.80 -0.7845
21.90 -0.6606
22.00 -0.9969
22.10 -0.7895
22.20 -0.8180
22.30 -1.0258
22.40 -0.7264
22.50 -0.5343
22.60 -0.5446
22.70 -0.5863
22.80 -0.6415
22.90 -0.5195
23.00 -0.3901
23.10 -0.2914
23.20 -0.2995
23.30 -0.2131
23.40 -0.2107
23.50 -0.1155
23.60 -0.0016
23.70 0.0633
23.80 0.0684
23.90 0.2356
24.00 0.4468
24.10 0.0947
24.20 0.5040
24.30 0.3169
24.40 0.4359
24.50 0.6241
24.60 0.4355
24.70 0.4964
24.80 0.3716
24.90 0.4566
25.00 0.5459
25.10 0.5142
25.20 0.5731
25.30 0.5174
25.40 0.5076
25.50 0.4078
25.60 0.4478
25.70 0.4842
25.80 0.5343
25.90 0.3847
26.00 0.3523
26.10 0.6289
26.20 0.2289
26.30 0.0028
26.40 0.1602
26.50 0.0748
26.60 0.1205
26.70 0.0377
26.80 0.1520
26.90 -0.1011
27.00 -0.1100
27.10 -0.1673
27.20 -0.1360
27.30 -0.0698
27.40 -0.0670
27.50 -0.5051
27.60 -0.2536
27.70 -0.2877
27.80 -0.2476
27.90 -0.4453
28.00 -0.3073
28.10 -0.3996
28.20 -0.1139
28.30 -0.2347
28.40 -0.4841
28.50 -0.2918
28.60 -0.3188
28.70 -0.4266
28.80 -0.3860
28.90 -0.2408
29.00 -0.1820
29.10 0.0604
29.20 -0.1921
29.30 0.0686
29.40 -0.1843
29.50 -0.2154
29.60 -0.0754
29.70 -0.1599
29.80 -0.0164
29.90 0.0143
30.00 -0.1179
30.10 0.0588
30.20 -0.0346
30.30 0.0467
30.40 0.0091
30.50 0.0592
30.60 0.0287
30.70 0.1855
30.80 -0.1005
30.90 -0.0563
31.00 0.0338
31.10 -0.0572
31.20 0.1005
31.30 -0.0619
31.40 0.0029
31.50 0.1702
31.60 -0.1647
31.70 0.0054
31.80 0.0367
31.90 0.0822
32.00 -0.2203
32.10 -0.0745
32.20 -0.1849
32.30 0.2087
32.40 -0.1325
32.50 0.0196
32.60 0.0818
32.70 0.0729
32.80 -0.1342
32.90 0.1492
33.00 0.0782
33.10 -0.0461
33.20 0.1090
33.30 0.0396
33.40 0.0050
33.50 0.0677
33.60 0.1729
33.70 0.1290
33.80 0.1655
33.90 0.3190
34.00 0.2634
34.10 0.2997
34.20 0.2483
34.30 0.3057
34.40 0.2874
34.50 0.3479
34.60 0.3469
34.70 0.4120
34.80 0.4476
34.90 0.4681
35.00 0.5219
35.10 0.2168
35.20 0.2255
35.30 0.2921
35.40 0.1646
35.50 0.2856
35.60 0.0141
35.70 0.2179
35.80 0.0398
35.90 -0.0930
36.00 0.0609
36.10 -0.1378
36.20 -0.0432
36.30 -0.1476
36.40 0.0262
36.50 -0.0217
36.60 -0.2087
36.70 -0.4041
36.80 -0.3012
36.90 -0.3649
37.00 -0.4166
37.10 -0.5169
37.20 -0.3378
37.30 -0.5654
37.40 -0.5966
37.50 -0.5511
37.60 -0.4661
37.70 -0.5683
37.80 -0.5511
37.90 -0.7977
38.00 -0.5883
38.10 -0.6006
38.20 -0.4816
38.30 -0.3699
38.40 -0.5195
38.50 -0.5494
38.60 -0.3958
38.70 -0.3804
38.80 -0.1660
38.90 -0.1249
39.00 -0.1591
39.10 -0.1958
39.20 -0.1433
39.30 -0.0341
39.40 0.0063
39.50 0.0798
39.60 0.0060
39.70 0.3546
39.80 0.4789
39.90 0.4049
