0.00 -0.0335
0.10 0.0159
0.20 0.0414
0.30 0.0406
0.40 0.0388
0.50 0.0567
0.60 0.0575
0.70 0.0779
0.80 0.1197
0.90 0.1891
1.00 0.1061
1.10 0.0062
1.20 -0.1077
1.30 -0.1418
1.40 -0.1368
1.50 -0.2132
1.60 -0.1061
1.70 -0.0246
1.80 0.1137
1.90 0.1144
2.00 0.0771
2.10 0.0028
2.20 -0.1015
2.30 -0.0868
2.40 -0.1385
2.50 -0.2880
2.60 -0.3799
2.70 -0.3845
2.80 -0.2254
2.90 -0.2079
3.00 -0.2120
3.10 -0.2156
3.20 -0.1603
3.30 -0.0746
3.40 -0.2307
3.50 -0.2861
3.60 -0.4069
3.70 -0.2936
3.80 -0.3635
3.90 -0.3678
4.00 -0.3535
4.10 -0.2983
4.20 -0.3371
4.30 -0.3224
4.40 -0.3039
4.50 -0.1572
4.60 -0.1487
4.70 0.0048
4.80 -0.0075
4.90 0.1326
5.00 0.2579
5.10 0.4044
5.20 0.3735
5.30 0.3198
5.40 0.2322
5.50 0.3524
5.60 0.3525
5.70 0.4313
5.80 0.4147
5.90 0.3261
6.00 0.4478
6.10 0.4515
6.20 0.6417
6.30 0.6305
6.40 0.7039
6.50 0.6523
6.60 0.6482
6.70 0.5805
6.80 0.4912
6.90 0.5289
7.00 0.4926
7.10 0.4403
7.20 0.2765
7.30 0.2082
7.40 0.2588
7.50 0.2197
7.60 0.2078
7.70 0.0262
7.80 0.0049
7.90 -0.0693
8.00 -0.1182
8.10 -0.1512
8.20 -0.2437
8.30 -0.1532
8.40 -0.3370
8.50 -0.4099
8.60 -0.5387
8.70 -0.5790
8.80 -0.6223
8.90 -0.7836
9.00 -0.8460
9.10 -0.9953
9.20 -0.9840
9.30 -0.8537
9.40 -0.7612
9.50 -0.6689
9.60 -0.7499
9.70 -0.6981
9.80 -0.6659
9.90 -0.5625
10.00 -0.4808
10.10 -0.5270
10.20 -0.5499
10.30 -0.6866
10.40 -0.6439
10.50 -0.6129
10.60 -0.3803
10.70 -0.2166
10.80 -0.0783
10.90 -0.0744
11.00 -0.0617
11.10 0.0780
11.20 0.1740
11.30 0.3388
11.40 0.4156
11.50 0.6518
11.60 0.7295
11.70 0.7794
11.80 0.7262
11.90 0.6936
12.00 0.6149
12.10 0.6481
12.20 0.7396
12.30 0.7806
12.40 0.8979
12.50 0.9420
12.60 0.9353
12.70 0.9841
12.80 1.0042
12.90 1.0715
13.00 0.9175
13.10 0.8944
13.20 0.8213
13.30 0.7376
13.40 0.6952
13.50 0.6189
13.60 0.5920
13.70 0.4441
13.80 0.4166
13.90 0.3702
14.00 0.1485
14.10 -0.0971
14.20 -0.3003
14.30 -0.3677
14.40 -0.4249
14.50 -0.5126
14.60 -0.4952
14.70 -0.3952
14.80 -0.4261
14.90 -0.5067
15.00 -0.6874
15.10 -0.8252
15.20 -1.0128
15.30 -1.1420
15.40 -1.1002
15.50 -0.9617
15.60 -0.8354
15.70 -0.7969
15.80 -0.8093
15.90 -0.8995
16.00 -1.0534
16.10 -1.0577
16.20 -0.9472
16.30 -0.8298
16.40 -0.6508
16.50 -0.5626
16.60 -0.5530
16.70 -0.6353
16.80 -0.4795
16.90 -0.2485
17.00 -0.1604
17.10 -0.1633
17.20 -0.1799
17.30 -0.1642
17.40 0.0027
17.50 0.0619
17.60 0.3474
17.70 0.4014
17.80 0.7012
17.90 0.6854
18.00 0.5873
18.10 0.4686
18.20 0.6623
18.30 0.8435
18.40 0.9424
18.50 0.7925
18.60 0.8525
18.70 0.8565
18.80 0.9940
18.90 0.9603
19.00 1.0387
19.10 0.9923
19.20 0.8272
19.30 0.6608
19.40 0.6294
19.50 0.6762
19.60 0.7234
19.70 0.6200
19.80 0.7081
19.90 0.6017
20.00 0.5153
20.10 0.2232
20.20 0.1765
20.30 0.0902
20.40 0.2072
20.50 0.0893
20.60 0.0148
20.70 -0.0585
20.80 -0.2214
20.90 -0.2417
21.00 -0.4777
21.10 -0.4836
21.20 -0.5928
21.30 -0.8053
21.40 -0.7876
21.50 -0.8227
21.60 -0.6768
21.70 -0.7655
21.80 -0.8022
21.90 -0.7616
22.00 -0.7959
22.10 -0.8191
22.20 -0.8313
22.30 -0.7261
22.40 -0.6862
22.50 -0.6388
22.60 -0.5883
22.70 -0.3546
22.80 -0.2676
22.90 -0.2814
23.00 -0.3555
23.10 -0.3954
23.20 -0.3243
23.30 -0.4156
23.40 -0.2159
23.50 -0.0645
23.60 0.1794
23.70 0.2437
23.80 0.2676
23.90 0.3400
24.00 0.2794
24.10 0.3487
24.20 0.4752
24.30 0.6450
24.40 0.5413
24.50 0.4894
24.60 0.4092
24.70 0.6099
24.80 0.5047
24.90 0.6062
25.00 0.5513
25.10 0.6487
25.20 0.5537
25.30 0.6905
25.40 0.6633
25.50 0.6742
25.60 0.5661
25.70 0.5551
25.80 0.3797
25.90 0.3022
26.00 0.2341
26.10 0.2774
26.20 0.2818
26.30 0.1101
26.40 0.0395
26.50 -0.0525
26.60 -0.0471
26.70 0.0470
26.80 0.0630
26.90 0.1716
27.00 0.1170
27.10 0.1319
27.20 -0.0839
27.30 -0.1819
27.40 -0.3868
27.50 -0.2855
27.60 -0.2322
27.70 -0.2802
27.80 -0.3315
27.90 -0.5194
28.00 -0.4313
28.10 -0.3521
28.20 -0.2523
28.30 -0.3533
28.40 -0.4103
28.50 -0.3466
28.60 -0.3304
28.70 -0.4015
28.80 -0.3862
28.90 -0.2787
29.00 -0.2067
29.10 -0.2790
29.20 -0.3212
29.30 -0.1216
29.40 -0.0332
29.50 0.0846
29.60 0.0979
29.70 0.1107
29.80 0.1388
29.90 -0.0608
30.00 -0.0352
30.10 -0.0456
30.20 0.1535
30.30 0.1872
30.40 0.1601
30.50 0.0807
30.60 -0.0081
30.70 0.0226
30.80 0.0330
30.90 0.1241
31.00 0.1362
31.10 0.0919
31.20 0.0947
31.30 0.0549
31.40 0.0476
31.50 -0.0373
31.60 -0.1047
31.70 -0.1569
31.80 -0.2439
31.90 -0.1297
32.00 -0.1221
32.10 -0.1357
32.20 -0.1998
32.30 -0.0818
32.40 0.0990
32.50 0.0840
32.60 0.0592
32.70 -0.1577
32.80 -0.1267
32.90 -0.0967
33.00 0.1827
33.10 0.1126
33.20 -0.0017
33.30 -0.1402
33.40 -0.0324
33.50 0.0609
33.60 0.1537
33.70 0.0781
33.80 0.0303
33.90 0.0513
34.00 0.2243
34.10 0.3227
34.20 0.4708
34.30 0.4998
34.40 0.5947
34.50 0.3265
34.60 0.2651
34.70 0.2111
34.80 0.2990
34.90 0.2337
35.00 0.2032
35.10 0.2536
35.20 0.1055
35.30 0.0548
35.40 -0.1124
35.50 0.0399
35.60 0.0654
35.70 0.1277
35.80 0.1488
35.90 0.1175
36.00 0.1243
36.10 -0.0440
36.20 -0.1091
36.30 -0.1991
36.40 -0.2375
36.50 -0.1461
36.60 -0.1796
36.70 -0.2119
36.80 -0.3802
36.90 -0.3020
37.00 -0.2370
37.10 -0.2711
37.20 -0.3791
37.30 -0.4563
37.40 -0.6878
37.50 -0.7058
37.60 -0.6604
37.70 -0.4954
37.80 -0.5014
37.90 -0.5481
38.00 -0.5008
38.10 -0.4867
38.20 -0.5853
38.30 -0.5748
38.40 -0.5213
38.50 -0.3679
38.60 -0.4572
38.70 -0.4250
38.80 -0.3346
38.90 -0.1798
39.00 -0.2020
39.10 -0.1202
39.20 0.0342
39.30 0.1893
39.40 0.3322
39.50 0.2812
39.60 0.2938
39.70 0.2636
39.80 0.3956
39.90 0.3262
