0.00 0.0096
0.10 -0.0108
0.20 0.0043
0.30 0.0684
0.40 0.0433
0.50 0.0292
0.60 0.0904
0.70 0.0908
0.80 0.1194
0.90 0.1200
1.00 0.0600
1.10 0.0080
1.20 -0.0369
1.30 -0.1355
1.40 -0.1836
1.50 -0.1043
1.60 -0.0857
1.70 -0.0303
1.80 0.0465
1.90 0.0885
2.00 0.0351
2.10 0.0004
2.20 -0.0318
2.30 -0.1167
2.40 -0.2187
2.50 -0.2614
2.60 -0.2865
2.70 -0.3018
2.80 -0.3031
2.90 -0.2409
3.00 -0.2033
3.10 -0.1686
3.20 -0.1504
3.30 -0.2170
3.40 -0.2130
3.50 -0.2652
3.60 -0.2969
3.70 -0.3864
3.80 -0.3474
3.90 -0.3374
4.00 -0.3212
4.10 -0.3735
4.20 -0.3127
4.30 -0.2828
4.40 -0.2558
4.50 -0.2230
4.60 -0.0777
4.70 -0.0668
4.80 0.0389
4.90 0.1714
5.00 0.2650
5.10 0.2601
5.20 0.3677
5.30 0.3248
5.40 0.3169
5.50 0.3366
5.60 0.3594
5.70 0.3738
5.80 0.3929
5.90 0.4167
6.00 0.4333
6.10 0.5192
6.20 0.5461
6.30 0.6600
6.40 0.6419
6.50 0.6641
6.60 0.6232
6.70 0.5583
6.80 0.5591
6.90 0.5274
7.00 0.4336
7.10 0.3767
7.20 0.3576
7.30 0.2715
7.40 0.2130
7.50 0.2180
7.60 0.1213
7.70 0.0911
7.80 0.0212
7.90 -0.0814
8.00 -0.1243
8.10 -0.1408
8.20 -0.1763
8.30 -0.2850
8.40 -0.3158
8.50 -0.4088
8.60 -0.4861
8.70 -0.5973
8.80 -0.6767
8.90 -0.7478
9.00 -0.8712
9.10 -0.9197
9.20 -0.8867
9.30 -0.8578
9.40 -0.8134
9.50 -0.7394
9.60 -0.6863
9.70 -0.7008
9.80 -0.6202
9.90 -0.5734
10.00 -0.5670
10.10 -0.5313
10.20 -0.5858
10.30 -0.6158
10.40 -0.6106
10.50 -0.4978
10.60 -0.4158
10.70 -0.2455
10.80 -0.1561
10.90 -0.0851
11.00 0.0294
11.10 0.0783
11.20 0.1651
11.30 0.3234
11.40 0.5064
11.50 0.5560
11.60 0.6867
11.70 0.7388
11.80 0.7228
11.90 0.6645
12.00 0.6900
12.10 0.6989
12.20 0.6972
12.30 0.8126
12.40 0.8952
12.50 0.8695
12.60 0.9593
12.70 1.0293
12.80 0.9736
12.90 0.9446
13.00 1.0048
13.10 0.8759
13.20 0.7847
13.30 0.7790
13.40 0.6967
13.50 0.6032
13.60 0.5527
13.70 0.5041
13.80 0.4083
13.90 0.2705
14.00 0.0906
14.10 -0.0384
14.20 -0.2001
14.30 -0.3864
14.40 -0.4350
14.50 -0.4390
14.60 -0.4433
14.70 -0.4701
14.80 -0.4881
14.90 -0.5482
15.00 -0.6681
15.10 -0.8587
15.20 -0.9777
15.30 -1.0242
15.40 -1.0232
15.50 -0.9839
15.60 -0.8946
15.70 -0.8236
15.80 -0.8635
15.90 -0.9496
16.00 -0.9570
16.10 -0.9536
16.20 -0.9619
16.30 -0.8078
16.40 -0.6592
16.50 -0.6591
16.60 -0.6206
16.70 -0.4490
16.80 -0.4177
16.90 -0.3793
17.00 -0.2152
17.10 -0.1445
17.20 -0.1901
17.30 -0.0644
17.40 -0.0111
17.50 0.1163
17.60 0.2843
17.70 0.5081
17.80 0.5260
17.90 0.5995
18.00 0.5808
18.10 0.6825
18.20 0.6849
18.30 0.7350
18.40 0.8056
18.50 0.9152
18.60 0.8515
18.70 0.8959
18.80 0.9260
18.90 0.9993
19.00 0.9798
19.10 0.9084
19.20 0.7994
19.30 0.7812
19.40 0.6909
19.50 0.6381
19.60 0.6570
19.70 0.7193
19.80 0.6214
19.90 0.5604
20.00 0.4192
20.10 0.3553
20.20 0.1896
20.30 0.1825
20.40 0.0997
20.50 0.0646
20.60 0.0415
20.70 -0.0872
20.80 -0.2048
20.90 -0.2987
21.00 -0.3862
21.10 -0.5253
21.20 -0.6491
21.30 -0.7137
21.40 -0.7323
21.50 -0.7650
21.60 -0.8174
21.70 -0.7305
21.80 -0.7494
21.90 -0.8013
22.00 -0.8159
22.10 -0.7889
22.20 -0.7557
22.30 -0.7706
22.40 -0.6946
22.50 -0.6172
22.60 -0.4846
22.70 -0.4195
22.80 -0.3744
22.90 -0.3146
23.00 -0.3037
23.10 -0.3562
23.20 -0.4034
23.30 -0.2644
23.40 -0.1816
23.50 -0.0586
23.60 0.0764
23.70 0.2284
23.80 0.2749
23.90 0.2828
24.00 0.3300
24.10 0.4138
24.20 0.5092
24.30 0.4507
24.40 0.5398
24.50 0.5455
24.60 0.5315
24.70 0.4556
24.80 0.5845
24.90 0.5686
25.00 0.5993
25.10 0.5508
25.20 0.6801
25.30 0.6336
25.40 0.6245
25.50 0.6305
25.60 0.6345
25.70 0.4381
25.80 0.4138
25.90 0.3705
26.00 0.2648
26.10 0.2498
26.20 0.2087
26.30 0.1072
26.40 0.0779
26.50 0.0140
26.60 -0.0337
26.70 0.0496
26.80 0.0933
26.90 0.0680
27.00 0.1570
27.10 0.0148
27.20 -0.0789
27.30 -0.1780
27.40 -0.2267
27.50 -0.2974
27.60 -0.2958
27.70 -0.3165
27.80 -0.3770
27.90 -0.3833
28.00 -0.3885
28.10 -0.3603
28.20 -0.3964
28.30 -0.3230
28.40 -0.3094
28.50 -0.3834
28.60 -0.4125
28.70 -0.3291
28.80 -0.3044
28.90 -0.3286
29.00 -0.2983
29.10 -0.2562
29.20 -0.1699
29.30 -0.1510
29.40 -0.0814
29.50 0.0563
29.60 0.1081
29.70 0.0749
29.80 0.0397
29.90 0.0362
30.00 -0.0112
30.10 0.0654
30.20 0.0652
30.30 0.1213
30.40 0.1350
30.50 0.0877
30.60 0.0428
30.70 0.0425
30.80 0.0661
30.90 0.0761
31.00 0.1024
31.10 0.1094
31.20 0.0892
31.30 0.0565
31.40 0.0053
31.50 -0.0288
31.60 -0.0944
31.70 -0.1739
31.80 -0.1351
31.90 -0.1453
32.00 -0.1925
32.10 -0.1609
32.20 -0.0481
32.30 -0.0553
32.40 -0.0372
32.50 0.0689
32.60 -0.0300
32.70 -0.0642
32.80 -0.0486
32.90 0.0292
33.00 -0.0321
33.10 0.0450
33.20 0.0211
33.30 0.0065
33.40 -0.0280
33.50 0.0458
33.60 0.0543
33.70 0.0743
33.80 0.0960
33.90 0.1523
34.00 0.1757
34.10 0.3316
34.20 0.4341
34.30 0.5017
34.40 0.3929
34.50 0.3995
34.60 0.3458
34.70 0.2724
34.80 0.1829
34.90 0.2719
35.00 0.2656
35.10 0.1195
35.20 0.1254
35.30 0.0579
35.40 0.0215
35.50 0.0125
35.60 0.0712
35.70 0.0779
35.80 0.1504
35.90 0.1219
36.00 0.0123
36.10 0.0084
36.20 -0.0869
36.30 -0.2007
36.40 -0.1539
36.50 -0.1682
36.60 -0.2624
36.70 -0.2626
36.80 -0.2070
36.90 -0.3169
37.00 -0.3175
37.10 -0.3073
37.20 -0.3626
37.30 -0.5490
37.40 -0.5886
37.50 -0.5961
37.60 -0.6187
37.70 -0.6156
37.80 -0.5123
37.90 -0.4958
38.00 -0.5114
38.10 -0.5662
38.20 -0.5398
38.30 -0.4953
38.40 -0.4865
38.50 -0.5221
38.60 -0.3991
38.70 -0.3424
38.80 -0.3172
38.90 -0.2996
39.00 -0.1402
39.10 -0.0417
39.20 0.0147
39.30 0.1670
39.40 0.2483
39.50 0.2632
39.60 0.3046
39.70 0.3720
39.80 0.2596
39.90 0.2373
