0.00 0.0024
0.10 0.0182
0.20 0.0129
0.30 0.0215
0.40 0.0442
0.50 0.0726
0.60 0.0957
0.70 0.0743
0.80 0.0609
0.90 0.0463
1.00 0.0141
1.10 -0.0036
1.20 -0.0439
1.30 -0.0472
1.40 -0.0517
1.50 -0.0691
1.60 -0.0445
1.70 -0.0281
1.80 -0.0322
1.90 -0.0310
2.00 -0.0114
2.10 -0.0073
2.20 -0.0917
2.30 -0.1299
2.40 -0.1734
2.50 -0.2050
2.60 -0.2249
2.70 -0.2450
2.80 -0.2430
2.90 -0.2494
3.00 -0.2237
3.10 -0.2239
3.20 -0.2181
3.30 -0.2312
3.40 -0.2467
3.50 -0.2700
3.60 -0.2831
3.70 -0.2926
3.80 -0.3159
3.90 -0.3706
4.00 -0.3232
4.10 -0.3219
4.20 -0.2874
4.30 -0.2748
4.40 -0.1991
4.50 -0.1673
4.60 -0.1128
4.70 -0.0137
4.80 0.0799
4.90 0.1191
5.00 0.1941
5.10 0.2097
5.20 0.2862
5.30 0.3100
5.40 0.3559
5.50 0.3802
5.60 0.3328
5.70 0.3704
5.80 0.4062
5.90 0.4401
6.00 0.5032
6.10 0.5234
6.20 0.5400
6.30 0.5755
6.40 0.5786
6.50 0.5951
6.60 0.6025
6.70 0.5923
6.80 0.5279
6.90 0.4845
7.00 0.4271
7.10 0.3968
7.20 0.3417
7.30 0.3028
7.40 0.2418
7.50 0.1670
7.60 0.1155
7.70 0.0556
7.80 0.0245
7.90 -0.0351
8.00 -0.0817
8.10 -0.1611
8.20 -0.2410
8.30 -0.2700
8.40 -0.3557
8.50 -0.4253
8.60 -0.4918
8.70 -0.5873
8.80 -0.6758
8.90 -0.7688
9.00 -0.7596
9.10 -0.7929
9.20 -0.8122
9.30 -0.8166
9.40 -0.8182
9.50 -0.7730
9.60 -0.7220
9.70 -0.6467
9.80 -0.6206
9.90 -0.6208
10.00 -0.6218
10.10 -0.6123
10.20 -0.5751
10.30 -0.5159
10.40 -0.4625
10.50 -0.4137
10.60 -0.3804
10.70 -0.3074
10.80 -0.2044
10.90 -0.0935
11.00 0.0202
11.10 0.1385
11.20 0.2505
11.30 0.3355
11.40 0.4243
11.50 0.5173
11.60 0.5873
11.70 0.6033
11.80 0.6754
11.90 0.7209
12.00 0.7250
12.10 0.7574
12.20 0.7917
12.30 0.7769
12.40 0.8434
12.50 0.8953
12.60 0.9291
12.70 0.9332
12.80 0.9469
12.90 0.9427
13.00 0.8797
13.10 0.8646
13.20 0.8372
13.30 0.7491
13.40 0.6779
13.50 0.6189
13.60 0.5666
13.70 0.4292
13.80 0.3128
13.90 0.2206
14.00 0.0750
14.10 -0.0351
14.20 -0.1476
14.30 -0.2381
14.40 -0.3057
14.50 -0.4130
14.60 -0.4565
14.70 -0.5025
14.80 -0.5880
14.90 -0.6716
15.00 -0.7415
15.10 -0.7838
15.20 -0.8271
15.30 -0.8883
15.40 -0.9074
15.50 -0.9279
15.60 -0.9590
15.70 -0.9835
15.80 -0.9429
15.90 -0.8941
16.00 -0.8934
16.10 -0.8393
16.20 -0.8031
16.30 -0.8120
16.40 -0.7813
16.50 -0.6631
16.60 -0.5438
16.70 -0.4822
16.80 -0.4018
16.90 -0.3271
17.00 -0.3200
17.10 -0.2134
17.20 -0.1222
17.30 0.0076
17.40 0.0803
17.50 0.1944
17.60 0.2896
17.70 0.3304
17.80 0.4106
17.90 0.5650
18.00 0.6107
18.10 0.7041
18.20 0.7134
18.30 0.7611
18.40 0.7558
18.50 0.8162
18.60 0.8854
18.70 0.9459
18.80 0.9262
18.90 0.8800
19.00 0.8520
19.10 0.8719
19.20 0.8212
19.30 0.8076
19.40 0.7472
19.50 0.7372
19.60 0.6620
19.70 0.5883
19.80 0.5358
19.90 0.5005
20.00 0.4085
20.10 0.3795
20.20 0.2892
20.30 0.2068
20.40 0.1240
20.50 0.0148
20.60 -0.0456
20.70 -0.1097
20.80 -0.2052
20.90 -0.2732
21.00 -0.4472
21.10 -0.4975
21.20 -0.5524
21.30 -0.6533
21.40 -0.6789
21.50 -0.7392
21.60 -0.7479
21.70 -0.7830
21.80 -0.8147
21.90 -0.7566
22.00 -0.7625
22.10 -0.7692
22.20 -0.7439
22.30 -0.7035
22.40 -0.6200
22.50 -0.5792
22.60 -0.5320
22.70 -0.4654
22.80 -0.4339
22.90 -0.3980
23.00 -0.3752
23.10 -0.2930
23.20 -0.2234
23.30 -0.1973
23.40 -0.1225
23.50 -0.0404
23.60 0.0346
23.70 0.1024
23.80 0.1839
23.90 0.3315
24.00 0.3894
24.10 0.3859
24.20 0.4349
24.30 0.4446
24.40 0.4999
24.50 0.4898
24.60 0.5535
24.70 0.5675
24.80 0.5476
24.90 0.5230
25.00 0.6172
25.10 0.6056
25.20 0.6113
25.30 0.6026
25.40 0.6224
25.50 0.5359
25.60 0.5196
25.70 0.4842
25.80 0.4438
25.90 0.3834
26.00 0.2998
26.10 0.2322
26.20 0.1772
26.30 0.0991
26.40 0.1213
26.50 0.0974
26.60 0.0782
26.70 0.0678
26.80 0.0475
26.90 0.0135
27.00 -0.0060
27.10 -0.0639
27.20 -0.0659
27.30 -0.0990
27.40 -0.1783
27.50 -0.2336
27.60 -0.3112
27.70 -0.3661
27.80 -0.3231
27.90 -0.3346
28.00 -0.3549
28.10 -0.3647
28.20 -0.3728
28.30 -0.3717
28.40 -0.3880
28.50 -0.3284
28.60 -0.3208
28.70 -0.3395
28.80 -0.3373
28.90 -0.3101
29.00 -0.2433
29.10 -0.2328
29.20 -0.1718
29.30 -0.0768
29.40 -0.0672
29.50 -0.0326
29.60 -0.0282
29.70 0.0141
29.80 0.0593
29.90 0.0635
30.00 0.0876
30.10 0.0844
30.20 0.0578
30.30 0.0480
30.40 0.0457
30.50 0.0891
30.60 0.1011
30.70 0.1063
30.80 0.0685
30.90 0.0702
31.00 0.0712
31.10 0.0575
31.20 0.0605
31.30 0.0288
31.40 -0.0058
31.50 -0.0622
31.60 -0.0599
31.70 -0.0772
31.80 -0.1389
31.90 -0.1448
32.00 -0.1203
32.10 -0.0935
32.20 -0.0819
32.30 -0.0482
32.40 -0.0648
32.50 -0.0809
32.60 -0.0398
32.70 0.0413
32.80 0.0233
32.90 -0.0131
33.00 -0.0384
33.10 -0.0155
33.20 -0.0125
33.30 0.0654
33.40 0.0528
33.50 0.0298
33.60 0.0216
33.70 0.0900
33.80 0.1380
33.90 0.2253
34.00 0.2674
34.10 0.3159
34.20 0.2829
34.30 0.3297
34.40 0.3762
34.50 0.3654
34.60 0.3329
34.70 0.3363
34.80 0.2930
34.90 0.2014
35.00 0.1564
35.10 0.1467
35.20 0.1264
35.30 0.1078
35.40 0.0896
35.50 0.0981
35.60 0.0792
35.70 0.0465
35.80 0.0482
35.90 0.0246
36.00 0.0176
36.10 -0.0442
36.20 -0.0459
36.30 -0.0848
36.40 -0.1644
36.50 -0.2118
36.60 -0.2269
36.70 -0.2288
36.80 -0.2658
36.90 -0.2869
37.00 -0.3017
37.10 -0.4464
37.20 -0.4623
37.30 -0.4513
37.40 -0.4848
37.50 -0.5288
37.60 -0.5549
37.70 -0.5613
37.80 -0.5646
37.90 -0.5979
38.00 -0.5237
38.10 -0.5031
38.20 -0.5004
38.30 -0.5109
38.40 -0.4777
38.50 -0.4293
38.60 -0.4039
38.70 -0.3828
38.80 -0.2743
38.90 -0.2009
39.00 -0.1459
39.10 -0.0409
39.20 0.0452
39.30 0.0937
39.40 0.1585
39.50 0.2370
39.60 0.2698
39.70 0.2550
39.80 0.2256
39.90 0.2067
