0.00 -0.0098
0.10 0.0068
0.20 -0.0056
0.30 -0.0006
0.40 0.0545
0.50 0.0420
0.60 0.0675
0.70 0.0656
0.80 0.0442
0.90 0.0710
1.00 0.0837
1.10 0.0433
1.20 0.0613
1.30 0.0418
1.40 0.0382
1.50 0.0496
1.60 0.0389
1.70 0.0118
1.80 -0.0088
1.90 -0.0420
2.00 -0.0632
2.10 -0.0987
2.20 -0.1551
2.30 -0.1908
2.40 -0.2061
2.50 -0.2281
2.60 -0.2316
2.70 -0.2392
2.80 -0.2657
2.90 -0.2758
3.00 -0.2817
3.10 -0.2955
3.20 -0.3048
3.30 -0.3396
3.40 -0.3045
3.50 -0.2957
3.60 -0.2541
3.70 -0.2482
3.80 -0.2471
3.90 -0.2409
4.00 -0.2112
4.10 -0.2342
4.20 -0.1925
4.30 -0.2032
4.40 -0.1764
4.50 -0.1292
4.60 -0.0572
4.70 0.0032
4.80 0.0575
4.90 0.0815
5.00 0.1599
5.10 0.2049
5.20 0.2631
5.30 0.2935
5.40 0.3164
5.50 0.3706
5.60 0.4257
5.70 0.4585
5.80 0.4996
5.90 0.5062
6.00 0.5050
6.10 0.5537
6.20 0.5163
6.30 0.5228
6.40 0.5243
6.50 0.5133
6.60 0.4990
6.70 0.5153
6.80 0.4779
6.90 0.5009
7.00 0.4588
7.10 0.3992
7.20 0.3699
7.30 0.3410
7.40 0.3027
7.50 0.2541
7.60 0.1840
7.70 0.1323
7.80 0.0803
7.90 0.0025
8.00 -0.0367
8.10 -0.1515
8.20 -0.2317
8.30 -0.3119
8.40 -0.3875
8.50 -0.4486
8.60 -0.5038
8.70 -0.6033
8.80 -0.6279
8.90 -0.6602
9.00 -0.6846
9.10 -0.6880
9.20 -0.7395
9.30 -0.7544
9.40 -0.7419
9.50 -0.7220
9.60 -0.7065
9.70 -0.6834
9.80 -0.6845
9.90 -0.6107
10.00 -0.5654
10.10 -0.5374
10.20 -0.5273
10.30 -0.4952
10.40 -0.4597
10.50 -0.4013
10.60 -0.3270
10.70 -0.2600
10.80 -0.1743
10.90 -0.0825
11.00 0.0389
11.10 0.1112
11.20 0.2240
11.30 0.2855
11.40 0.3643
11.50 0.4404
11.60 0.5343
11.70 0.5864
11.80 0.6856
11.90 0.7111
12.00 0.7759
12.10 0.8374
12.20 0.8859
12.30 0.8925
12.40 0.9083
12.50 0.9052
12.60 0.9309
12.70 0.9161
12.80 0.9225
12.90 0.9008
13.00 0.9074
13.10 0.8669
13.20 0.8342
13.30 0.7736
13.40 0.7297
13.50 0.6285
13.60 0.5349
13.70 0.4347
13.80 0.3205
13.90 0.2277
14.00 0.1525
14.10 0.0355
14.20 -0.0724
14.30 -0.1622
14.40 -0.2878
14.50 -0.3479
14.60 -0.4426
14.70 -0.5497
14.80 -0.6265
14.90 -0.7180
15.00 -0.7813
15.10 -0.8039
15.20 -0.8666
15.30 -0.8829
15.40 -0.9159
15.50 -0.9458
15.60 -0.9581
15.70 -0.9397
15.80 -0.9628
15.90 -0.9467
16.00 -0.9482
16.10 -0.8687
16.20 -0.8308
16.30 -0.7668
16.40 -0.7456
16.50 -0.6743
16.60 -0.6061
16.70 -0.5417
16.80 -0.4797
16.90 -0.3908
17.00 -0.2884
17.10 -0.1782
17.20 -0.0603
17.30 0.0394
17.40 0.1659
17.50 0.2573
17.60 0.3646
17.70 0.4272
17.80 0.5020
17.90 0.5925
18.00 0.6801
18.10 0.7311
18.20 0.7817
18.30 0.8419
18.40 0.9093
18.50 0.9608
18.60 0.9774
18.70 0.9789
18.80 0.9721
18.90 0.9624
19.00 0.9628
19.10 0.9476
19.20 0.9293
19.30 0.8668
19.40 0.8271
19.50 0.7936
19.60 0.7316
19.70 0.6470
19.80 0.5719
19.90 0.4839
20.00 0.4131
20.10 0.3348
20.20 0.2270
20.30 0.1595
20.40 0.0661
20.50 -0.0266
20.60 -0.1342
20.70 -0.2316
20.80 -0.3244
20.90 -0.3915
21.00 -0.4830
21.10 -0.5499
21.20 -0.6158
21.30 -0.6504
21.40 -0.7078
21.50 -0.7384
21.60 -0.7455
21.70 -0.7925
21.80 -0.8066
21.90 -0.8099
22.00 -0.8590
22.10 -0.8288
22.20 -0.7931
22.30 -0.7765
22.40 -0.7178
22.50 -0.6967
22.60 -0.6541
22.70 -0.5632
22.80 -0.5011
22.90 -0.4676
23.00 -0.4202
23.10 -0.3665
23.20 -0.2914
23.30 -0.2174
23.40 -0.1526
23.50 -0.1012
23.60 -0.0248
23.70 0.0695
23.80 0.1131
23.90 0.2016
24.00 0.2471
24.10 0.3003
24.20 0.3797
24.30 0.4083
24.40 0.4154
24.50 0.4549
24.60 0.4481
24.70 0.4809
24.80 0.4920
24.90 0.4848
25.00 0.4965
25.10 0.4981
25.20 0.5032
25.30 0.5020
25.40 0.4932
25.50 0.4960
25.60 0.4691
25.70 0.4455
25.80 0.4629
25.90 0.4373
26.00 0.3737
26.10 0.3274
26.20 0.2618
26.30 0.2241
26.40 0.1791
26.50 0.1110
26.60 0.0638
26.70 0.0477
26.80 0.0009
26.90 -0.0292
27.00 -0.0564
27.10 -0.0713
27.20 -0.1652
27.30 -0.1870
27.40 -0.2124
27.50 -0.2238
27.60 -0.2680
27.70 -0.3019
27.80 -0.3495
27.90 -0.2936
28.00 -0.2909
28.10 -0.3189
28.20 -0.3252
28.30 -0.3072
28.40 -0.3242
28.50 -0.3223
28.60 -0.3404
28.70 -0.3329
28.80 -0.2551
28.90 -0.2408
29.00 -0.1855
29.10 -0.1509
29.20 -0.1265
29.30 -0.1029
29.40 -0.0997
29.50 -0.1107
29.60 -0.0812
29.70 -0.1079
29.80 -0.0731
29.90 -0.0473
30.00 -0.0299
30.10 -0.0057
30.20 0.0051
30.30 0.0071
30.40 0.0505
30.50 0.0277
30.60 0.0246
30.70 0.0228
30.80 0.0133
30.90 0.0192
31.00 0.0063
31.10 -0.0198
31.20 0.0189
31.30 0.0034
31.40 -0.0007
31.50 0.0127
31.60 0.0101
31.70 -0.0125
31.80 -0.0236
31.90 -0.0743
32.00 -0.0210
32.10 -0.0407
32.20 -0.0431
32.30 -0.0432
32.40 -0.0013
32.50 -0.0098
32.60 0.0379
32.70 0.0193
32.80 0.0316
32.90 0.0444
33.00 0.0384
33.10 0.0287
33.20 0.0575
33.30 0.0609
33.40 0.0682
33.50 0.0984
33.60 0.1284
33.70 0.1604
33.80 0.2025
33.90 0.2283
34.00 0.2472
34.10 0.2699
34.20 0.2959
34.30 0.2999
34.40 0.3211
34.50 0.3423
34.60 0.3737
34.70 0.4045
34.80 0.3945
34.90 0.3770
35.00 0.3691
35.10 0.3338
35.20 0.3107
35.30 0.2458
35.40 0.2024
35.50 0.1771
35.60 0.1316
35.70 0.0986
35.80 0.0554
35.90 0.0084
36.00 -0.0147
36.10 -0.0421
36.20 -0.0509
36.30 -0.0674
36.40 -0.1338
36.50 -0.1572
36.60 -0.2031
36.70 -0.2416
36.80 -0.3192
36.90 -0.3643
37.00 -0.4153
37.10 -0.4428
37.20 -0.4785
37.30 -0.4929
37.40 -0.5146
37.50 -0.5195
37.60 -0.5852
37.70 -0.5885
37.80 -0.5890
37.90 -0.5791
38.00 -0.5654
38.10 -0.5584
38.20 -0.5581
38.30 -0.5007
38.40 -0.4710
38.50 -0.4089
38.60 -0.3580
38.70 -0.3279
38.80 -0.2816
38.90 -0.2236
39.00 -0.1719
39.10 -0.1167
39.20 -0.0816
39.30 -0.0629
39.40 0.0105
39.50 0.1069
39.60 0.1852
39.70 0.1901
39.80 0.1892
39.90 0.1778
