0.00 0.0149
0.10 0.0106
0.20 0.0176
0.30 0.0362
0.40 0.0432
0.50 0.0692
0.60 0.0813
0.70 0.0540
0.80 0.0355
0.90 0.0313
1.00 0.0056
1.10 -0.0332
1.20 -0.0131
1.30 -0.0167
1.40 -0.0235
1.50 -0.0145
1.60 -0.0473
1.70 -0.0517
1.80 -0.0439
1.90 -0.0416
2.00 -0.0508
2.10 -0.0851
2.20 -0.0871
2.30 -0.1267
2.40 -0.1398
2.50 -0.1748
2.60 -0.2157
2.70 -0.2197
2.80 -0.2193
2.90 -0.2084
3.00 -0.2589
3.10 -0.2595
3.20 -0.2408
3.30 -0.2354
3.40 -0.2538
3.50 -0.2797
3.60 -0.2751
3.70 -0.2773
3.80 -0.3128
3.90 -0.3193
4.00 -0.3398
4.10 -0.2927
4.20 -0.2818
4.30 -0.2276
4.40 -0.2147
4.50 -0.1465
4.60 -0.0569
4.70 -0.0080
4.80 0.0367
4.90 0.1222
5.00 0.1432
5.10 0.2157
5.20 0.2612
5.30 0.3014
5.40 0.3275
5.50 0.3522
5.60 0.3874
5.70 0.3803
5.80 0.4169
5.90 0.4575
6.00 0.4850
6.10 0.5315
6.20 0.5381
6.30 0.5472
6.40 0.5479
6.50 0.5693
6.60 0.5926
6.70 0.5458
6.80 0.5215
6.90 0.4744
7.00 0.4444
7.10 0.3895
7.20 0.3532
7.30 0.2748
7.40 0.2325
7.50 0.2003
7.60 0.0983
7.70 0.0569
7.80 0.0137
7.90 -0.0189
8.00 -0.0918
8.10 -0.1686
8.20 -0.2257
8.30 -0.3063
8.40 -0.3455
8.50 -0.4407
8.60 -0.5182
8.70 -0.5847
8.80 -0.6679
8.90 -0.6845
9.00 -0.7505
9.10 -0.7584
9.20 -0.7773
9.30 -0.7940
9.40 -0.7821
9.50 -0.7610
9.60 -0.7114
9.70 -0.6951
9.80 -0.6395
9.90 -0.6303
10.00 -0.6379
10.10 -0.5990
10.20 -0.5516
10.30 -0.4924
10.40 -0.4300
10.50 -0.3903
10.60 -0.3558
10.70 -0.2776
10.80 -0.1991
10.90 -0.1134
11.00 0.0230
11.10 0.1543
11.20 0.2527
11.30 0.3393
11.40 0.4114
11.50 0.4632
11.60 0.5273
11.70 0.6050
11.80 0.6436
11.90 0.6927
12.00 0.7575
12.10 0.7872
12.20 0.7700
12.30 0.8269
12.40 0.8485
12.50 0.8642
12.60 0.8880
12.70 0.9247
12.80 0.9114
12.90 0.8875
13.00 0.9014
13.10 0.8353
13.20 0.7920
13.30 0.7674
13.40 0.6805
13.50 0.6191
13.60 0.5157
13.70 0.4038
13.80 0.2933
13.90 0.1915
14.00 0.0868
14.10 -0.0361
14.20 -0.1124
14.30 -0.1825
14.40 -0.2735
14.50 -0.3642
14.60 -0.4709
14.70 -0.5390
14.80 -0.6140
14.90 -0.7004
15.00 -0.7388
15.10 -0.7604
15.20 -0.7885
15.30 -0.8211
15.40 -0.8733
15.50 -0.9176
15.60 -0.9702
15.70 -0.9743
15.80 -0.9509
15.90 -0.9202
16.00 -0.8403
16.10 -0.8042
16.20 -0.8088
16.30 -0.7857
16.40 -0.7177
16.50 -0.6558
16.60 -0.5842
16.70 -0.4749
16.80 -0.4164
16.90 -0.3706
17.00 -0.2479
17.10 -0.2221
17.20 -0.1224
17.30 0.0124
17.40 0.1424
17.50 0.1953
17.60 0.2403
17.70 0.3140
17.80 0.4204
17.90 0.5194
18.00 0.6158
18.10 0.6358
18.20 0.7351
18.30 0.7546
18.40 0.7974
18.50 0.8057
18.60 0.8510
18.70 0.9079
18.80 0.9035
18.90 0.8506
19.00 0.8495
19.10 0.8309
19.20 0.8317
19.30 0.7861
19.40 0.7905
19.50 0.7248
19.60 0.6648
19.70 0.5680
19.80 0.5023
19.90 0.4638
20.00 0.4443
20.10 0.3550
20.20 0.2834
20.30 0.2311
20.40 0.1255
20.50 0.0243
20.60 -0.0633
20.70 -0.1469
20.80 -0.1982
20.90 -0.3311
21.00 -0.3863
21.10 -0.4791
21.20 -0.5400
21.30 -0.5991
21.40 -0.6819
21.50 -0.6873
21.60 -0.7503
21.70 -0.7750
21.80 -0.7822
21.90 -0.7866
22.00 -0.7426
22.10 -0.7416
22.20 -0.7227
22.30 -0.6547
22.40 -0.6058
22.50 -0.5807
22.60 -0.5439
22.70 -0.4965
22.80 -0.4458
22.90 -0.4306
23.00 -0.3574
23.10 -0.2762
23.20 -0.2074
23.30 -0.1305
23.40 -0.1065
23.50 -0.0417
23.60 0.0225
23.70 0.0855
23.80 0.1957
23.90 0.2869
24.00 0.3465
24.10 0.3880
24.20 0.4161
24.30 0.4639
24.40 0.4592
24.50 0.5084
24.60 0.5216
24.70 0.5599
24.80 0.5643
24.90 0.5803
25.00 0.5649
25.10 0.6005
25.20 0.6012
25.30 0.6047
25.40 0.5378
25.50 0.5459
25.60 0.5033
25.70 0.4631
25.80 0.4459
25.90 0.3823
26.00 0.2855
26.10 0.2506
26.20 0.1856
26.30 0.1440
26.40 0.1164
26.50 0.1288
26.60 0.0935
26.70 0.0886
26.80 0.0303
26.90 -0.0330
27.00 -0.0470
27.10 -0.0583
27.20 -0.0820
27.30 -0.1105
27.40 -0.1616
27.50 -0.2409
27.60 -0.2750
27.70 -0.2895
27.80 -0.3457
27.90 -0.3485
28.00 -0.3518
28.10 -0.3347
28.20 -0.3607
28.30 -0.3980
28.40 -0.3636
28.50 -0.3463
28.60 -0.3127
28.70 -0.3221
28.80 -0.3379
28.90 -0.2770
29.00 -0.2348
29.10 -0.2029
29.20 -0.1558
29.30 -0.1144
29.40 -0.0555
29.50 -0.0671
29.60 -0.0480
29.70 -0.0116
29.80 0.0509
29.90 0.0906
30.00 0.0653
30.10 0.0819
30.20 0.0653
30.30 0.0447
30.40 0.0607
30.50 0.0613
30.60 0.0985
30.70 0.0954
30.80 0.0995
30.90 0.0716
31.00 0.0573
31.10 0.0457
31.20 0.0210
31.30 0.0167
31.40 -0.0270
31.50 -0.0234
31.60 -0.0504
31.70 -0.1011
31.80 -0.1030
31.90 -0.0985
32.00 -0.0891
32.10 -0.0930
32.20 -0.0722
32.30 -0.1035
32.40 -0.0848
32.50 -0.0321
32.60 -0.0183
32.70 -0.0208
32.80 0.0045
32.90 -0.0021
33.00 -0.0073
33.10 -0.0059
33.20 0.0170
33.30 -0.0021
33.40 0.0453
33.50 0.0655
33.60 0.0854
33.70 0.0835
33.80 0.1632
33.90 0.2222
34.00 0.2839
34.10 0.2611
34.20 0.2778
34.30 0.2996
34.40 0.3213
34.50 0.3333
34.60 0.3410
34.70 0.3293
34.80 0.2741
34.90 0.2276
35.00 0.1624
35.10 0.1228
35.20 0.1564
35.30 0.1249
35.40 0.1058
35.50 0.1069
35.60 0.0950
35.70 0.0384
35.80 0.0080
35.90 0.0120
36.00 -0.0413
36.10 -0.0012
36.20 -0.0479
36.30 -0.1169
36.40 -0.1397
36.50 -0.1708
36.60 -0.2136
36.70 -0.2476
36.80 -0.2622
36.90 -0.3084
37.00 -0.3809
37.10 -0.3900
37.20 -0.4486
37.30 -0.4670
37.40 -0.4689
37.50 -0.4944
37.60 -0.5212
37.70 -0.5370
37.80 -0.5801
37.90 -0.5746
38.00 -0.5547
38.10 -0.4928
38.20 -0.5068
38.30 -0.4905
38.40 -0.4490
38.50 -0.4191
38.60 -0.3962
38.70 -0.3452
38.80 -0.2770
38.90 -0.1849
39.00 -0.0978
39.10 -0.0582
39.20 -0.0044
39.30 0.0988
39.40 0.1656
39.50 0.1758
39.60 0.1939
39.70 0.2207
39.80 0.2086
39.90 0.1846
