0.00 -0.1781
0.10 -0.0502
0.20 0.0159
0.30 -0.0135
0.40 0.0043
0.50 0.0273
0.60 0.0166
0.70 0.0242
0.80 0.0442
0.90 0.0475
1.00 0.0692
1.10 0.0597
1.20 0.0380
1.30 0.0313
1.40 0.0194
1.50 0.0052
1.60 -0.0119
1.70 -0.0015
1.80 0.0005
1.90 0.0070
2.00 0.0150
2.10 0.0109
2.20 0.0064
2.30 0.0005
2.40 -0.0008
2.50 -0.0103
2.60 -0.0316
2.70 -0.0414
2.80 -0.0490
2.90 -0.0510
3.00 -0.0575
3.10 -0.0643
3.20 -0.0659
3.30 -0.0666
3.40 -0.0652
3.50 -0.0797
3.60 -0.0844
3.70 -0.0921
3.80 -0.0961
3.90 -0.1053
4.00 -0.1123
4.10 -0.1145
4.20 -0.1188
4.30 -0.1276
4.40 -0.1284
4.50 -0.1308
4.60 -0.1295
4.70 -0.1296
4.80 -0.1225
4.90 -0.1222
5.00 -0.1142
5.10 -0.1006
5.20 -0.0924
5.30 -0.0871
5.40 -0.0777
5.50 -0.0750
5.60 -0.0640
5.70 -0.0554
5.80 -0.0493
5.90 -0.0400
6.00 -0.0367
6.10 -0.0252
6.20 -0.0166
6.30 -0.0049
6.40 0.0050
6.50 0.0161
6.60 0.0246
6.70 0.0334
6.80 0.0407
6.90 0.0446
7.00 0.0544
7.10 0.0595
7.20 0.0608
7.30 0.0634
7.40 0.0654
7.50 0.0686
7.60 0.0695
7.70 0.0709
7.80 0.0670
7.90 0.0670
8.00 0.0657
8.10 0.0603
8.20 0.0591
8.30 0.0547
8.40 0.0527
8.50 0.0453
8.60 0.0386
8.70 0.0326
8.80 0.0243
8.90 0.0166
9.00 0.0057
9.10 -0.0041
9.20 -0.0160
9.30 -0.0259
9.40 -0.0309
9.50 -0.0393
9.60 -0.0458
9.70 -0.0529
9.80 -0.0593
9.90 -0.0644
10.00 -0.0681
10.10 -0.0717
10.20 -0.0779
10.30 -0.0820
10.40 -0.0892
10.50 -0.0939
10.60 -0.0969
10.70 -0.0973
10.80 -0.0973
10.90 -0.0964
11.00 -0.0967
11.10 -0.0963
11.20 -0.0917
11.30 -0.0896
11.40 -0.0850
11.50 -0.0786
11.60 -0.0706
11.70 -0.0643
11.80 -0.0570
11.90 -0.0507
12.00 -0.0455
12.10 -0.0405
12.20 -0.0336
12.30 -0.0265
12.40 -0.0207
12.50 -0.0114
12.60 -0.0036
12.70 0.0017
12.80 0.0117
12.90 0.0196
13.00 0.0262
13.10 0.0323
13.20 0.0394
13.30 0.0440
13.40 0.0480
13.50 0.0538
13.60 0.0566
13.70 0.0598
13.80 0.0623
13.90 0.0643
14.00 0.0664
14.10 0.0641
14.20 0.0609
14.30 0.0588
14.40 0.0552
14.50 0.0509
14.60 0.0471
14.70 0.0440
14.80 0.0419
14.90 0.0376
15.00 0.0331
15.10 0.0275
15.20 0.0207
15.30 0.0127
15.40 0.0049
15.50 -0.0008
15.60 -0.0059
15.70 -0.0111
15.80 -0.0159
15.90 -0.0210
16.00 -0.0276
16.10 -0.0351
16.20 -0.0401
16.30 -0.0444
16.40 -0.0495
16.50 -0.0511
16.60 -0.0538
16.70 -0.0585
16.80 -0.0615
16.90 -0.0613
17.00 -0.0618
17.10 -0.0632
17.20 -0.0630
17.30 -0.0639
17.40 -0.0649
17.50 -0.0619
17.60 -0.0617
17.70 -0.0580
17.80 -0.0541
17.90 -0.0490
18.00 -0.0457
18.10 -0.0436
18.20 -0.0405
18.30 -0.0341
18.40 -0.0292
18.50 -0.0247
18.60 -0.0209
18.70 -0.0151
18.80 -0.0107
18.90 -0.0048
19.00 0.0002
19.10 0.0057
19.20 0.0107
19.30 0.0130
19.40 0.0158
19.50 0.0201
19.60 0.0231
19.70 0.0265
19.80 0.0292
19.90 0.0334
20.00 0.0351
20.10 0.0364
20.20 0.0362
20.30 0.0372
20.40 0.0372
20.50 0.0387
20.60 0.0379
20.70 0.0369
20.80 0.0373
20.90 0.0342
21.00 0.0329
21.10 0.0300
21.20 0.0269
21.30 0.0241
21.40 0.0183
21.50 0.0156
21.60 0.0124
21.70 0.0088
21.80 0.0049
21.90 0.0013
22.00 -0.0017
22.10 -0.0059
22.20 -0.0097
22.30 -0.0128
22.40 -0.0155
22.50 -0.0187
22.60 -0.0211
22.70 -0.0231
22.80 -0.0231
22.90 -0.0243
23.00 -0.0264
23.10 -0.0274
23.20 -0.0291
23.30 -0.0302
23.40 -0.0324
23.50 -0.0315
23.60 -0.0307
23.70 -0.0297
23.80 -0.0280
23.90 -0.0269
24.00 -0.0251
24.10 -0.0242
24.20 -0.0223
24.30 -0.0189
24.40 -0.0160
24.50 -0.0154
24.60 -0.0128
24.70 -0.0108
24.80 -0.0079
24.90 -0.0066
25.00 -0.0035
25.10 -0.0012
25.20 0.0012
25.30 0.0031
25.40 0.0069
25.50 0.0090
25.60 0.0109
25.70 0.0134
25.80 0.0153
25.90 0.0152
26.00 0.0167
26.10 0.0178
26.20 0.0182
26.30 0.0197
26.40 0.0188
26.50 0.0184
26.60 0.0189
26.70 0.0181
26.80 0.0187
26.90 0.0194
27.00 0.0198
27.10 0.0198
27.20 0.0207
27.30 0.0187
27.40 0.0176
27.50 0.0162
27.60 0.0154
27.70 0.0149
27.80 0.0130
27.90 0.0117
28.00 0.0092
28.10 0.0083
28.20 0.0078
28.30 0.0065
28.40 0.0045
28.50 0.0034
28.60 0.0028
28.70 0.0010
28.80 -0.0008
28.90 -0.0012
29.00 -0.0019
29.10 -0.0029
29.20 -0.0041
29.30 -0.0051
29.40 -0.0041
29.50 -0.0044
29.60 -0.0042
29.70 -0.0031
29.80 -0.0032
29.90 -0.0028
30.00 -0.0037
30.10 -0.0036
30.20 -0.0032
30.30 -0.0021
30.40 -0.0017
30.50 -0.0016
30.60 -0.0013
30.70 -0.0017
30.80 -0.0014
30.90 -0.0010
31.00 -0.0005
31.10 -0.0001
31.20 -0.0001
31.30 0.0004
31.40 0.0005
31.50 0.0004
31.60 0.0000
31.70 -0.0005
31.80 -0.0011
31.90 -0.0023
32.00 -0.0017
32.10 -0.0022
32.20 -0.0035
32.30 -0.0036
32.40 -0.0030
32.50 -0.0026
32.60 -0.0028
32.70 -0.0024
32.80 -0.0040
32.90 -0.0039
33.00 -0.0032
33.10 -0.0023
33.20 -0.0028
33.30 -0.0032
33.40 -0.0035
33.50 -0.0031
33.60 -0.0027
33.70 -0.0021
33.80 -0.0024
33.90 -0.0024
34.00 -0.0017
34.10 -0.0004
34.20 0.0005
34.30 0.0025
34.40 0.0040
34.50 0.0056
34.60 0.0053
34.70 0.0062
34.80 0.0074
34.90 0.0078
35.00 0.0081
35.10 0.0091
35.20 0.0099
35.30 0.0090
35.40 0.0094
35.50 0.0088
35.60 0.0092
35.70 0.0099
35.80 0.0098
35.90 0.0104
36.00 0.0108
36.10 0.0108
36.20 0.0099
36.30 0.0098
36.40 0.0091
36.50 0.0079
36.60 0.0085
36.70 0.0075
36.80 0.0061
36.90 0.0054
37.00 0.0050
37.10 0.0042
37.20 0.0032
37.30 0.0019
37.40 0.0005
37.50 -0.0023
37.60 -0.0037
37.70 -0.0048
37.80 -0.0062
37.90 -0.0076
38.00 -0.0090
38.10 -0.0101
38.20 -0.0114
38.30 -0.0135
38.40 -0.0145
38.50 -0.0153
38.60 -0.0163
38.70 -0.0180
38.80 -0.0185
38.90 -0.0187
39.00 -0.0192
39.10 -0.0199
39.20 -0.0195
39.30 -0.0188
39.40 -0.0183
39.50 -0.0168
39.60 -0.0165
39.70 -0.0160
39.80 -0.0147
39.90 -0.0134
